Starting here
Fitness value = 297281.0
0.5555938527632815
0.5403889567863012
0.6048865993503278
0.48311439320660216
0.46297827923501494
0.4480188949284801
0.45021766142099007
0.3528283013064716
0.5801893844293837
0.5045185748037585
0.5304999761564267
0.492550644953623
0.5027672587057777
0.3733082980264685
0.5499847499642811
0.45503820857942956
0.654135134834613
0.5053554419133992
0.46938922364866054
0.46471484741288227
0.35065372375902615
0.6137111543804472
0.4135882078682809
0.3074250596982033
0.5005830272632698
0.366048786929659
0.624618413146466
0.42940603173052916
0.3695102983159499
0.37081115312855606
0.48436974007127964
0.440074261744319
0.6149796267940248
0.5492983460977676
0.470803109825381
0.5950562472278347
0.485310007670417
0.48195626278135456
0.6207007615604028
0.49007289959583167
0.37242424108372674
0.5431559420686971
1.9134141566991472
2.1270142630172617
2.5312118047366567
2.510255916387397
3.15861629238141
1.5862567759382011
0.5292711877769336
0.3415081409940616
0.4751119636228991
0.4535442630935941
0.5094811651135374
0.4838526550063525
0.52395289995809
0.5960413791809999
0.5912524545525979
0.5592983721325211
0.5097904308548151
0.5177372458280008
2.6322010225796584
2.752929638820434
Starting here
Fitness value = 297993.0
0.3018532927270342
0.13754699785482793
0.13465567986103089
0.12744889583405417
0.5206277131143963
0.6214387662927504
0.4358337600290261
0.5511284376901712
0.46173600278898713
0.3399094106374101
0.20031317008193983
0.6383379676729645
0.8444177839118002
0.4016366976584851
0.6019786055375933
0.12261125740270029
0.06601628477854782
0.5759263844718683
0.9621803071055998
0.8816385566009116
0.8372270069965763
0.4497049192065815
0.6478623012223143
0.32666821587811123
0.3957284853694272
0.36382697469738934
0.3823311601891685
0.37731367934918614
0.15096032681330807
0.21500809984532765
0.4037698961646985
0.9809884928764475
0.49837629341623035
0.8815381061820162
0.3401280803537169
0.49356906649228705
0.42866891505190713
0.09685914453287281
0.03213572246181984
0.4351574740090828
0.7005463390009802
0.947467085890051
2.66193489002157
2.3974612098825263
1.606898263697178
1.774644301423503
4.295256045864518
2.718824360805244
0.5556026177069808
0.6595240258902357
0.3272691670707507
0.47081492021354965
0.3121994583096924
0.5446929946941231
0.5071831503595085
0.9875067260018643
0.4476413230961317
0.1209945174119621
0.9567568299326981
0.6048456121849632
3.124799276792294
3.0903788735883384
